4.72278e+10
2.56742e+10
2.48147e+09
1.61602e+09
7.51438e+10
4.50419e+08
6.35712e+09
4.50419e+08
5.02604e+09
2.05063e+09
2.15269e+10
1.0616e+10
4.64772e+09
2.3032e+09
1.06684e+10
3.73905e+10
5.02604e+09
7.32922e+09
4.36949e+09
6.36863e+08
9.10245e+09
1.07634e+10
1.65266e+10
1.6228e-05
7.50085e+10
5.43417e+09
7.7988e+09
2.86863e+10
4.24966e+10
2.78291e+10
4.44162e+09
5.81172e+09
4.07066e+09
5.7372e+09
3.17795e+10
6.81986e+09
7.15944e+09
7.15944e+09
1.49457e+10
3.71338e+10
5.2674e+08
2.52574e+10
4.44162e+09
1.85315e+09
1.03511e+09
2.33295e+10
9.92856e+09
2.94638e+10
3.67146e+07
1.30972e+10
1.48651e+10
5.44609e+09
3.88059e+09
2.1808e+09
4.64772e+09
1.59756e+10
3.58567e+10
5.90996e+10
5.67631e+09
3.38851e+10
1.79492e+09
6.42172e+09
6.01255e+09
5.30445e+08
8.88762e+10
2.08903e+10
3.29412e+09
6.76218e+09
1.31182e+10
4.12594e+10
9.08853e+09
6.69611e+08
2.03724e+10
2.2521e+08
2.2521e+08
9.9029e+09
9.08853e+09
4.65324e+10
1.48651e+10
2.2521e+08
2.98794e+09
1.3645e+10
2.46268e+10
3.27555e+10
8.51527e+09
5.21018e+09
5.28052e+10
1.19505e+10
4.64772e+09
6.20037e+09
4.51899e+10
2.2521e+08
2.46065e+10
3.54957e+09
2.56931e+09
3.65852e+10
5.30445e+08
1.17717e+10
5.67631e+09
4.08956e+09
1.04467e+10
1.72832e+10
1.30774e+09
7.47217e+10
1.30774e+09
2.4998e+10
6.70512e+09
1.33907e+10
5.04887e+09
1.7981e+10
3.12014e+10
1.74733e+10
1.43004e+10
9.34272e+10
3.67999e+09
8.49755e+09
9.08853e+09
1.11004e+10
7.20226e+09
1.6228e-05
6.2022e+10
5.7372e+09
2.28278e+10
6.23774e+09
1.98734e+09
876688
2.56931e+09
2.1808e+09
2.71017e+10
3.75252e+10
4.69338e+09
5.80149e+10
8.37314e+10
3.82527e+09
1.15349e+11
6.21242e+10
4.73968e+10
2.29191e+10
6.42699e+09
3.85913e+10
1.6228e-05
4.1553e+10
5.63507e+10
1.17879e+11
1.03618e+09
1.80213e+10
1.62301e+10
5.23097e+09
3.79054e+09
3.79054e+09
7.34842e+09
1.27373e+09
3.82527e+09
5.6953e+09
2.31984e+10
9.58205e+10
2.29611e+10
2.94855e+09
1.91911e+10
6.97702e+10
8.08009e+08
3.11892e+10
4.69338e+09
1.03618e+09
2.56931e+09
4.20494e+10
4.21535e+10
2.78898e+09
1.30774e+09
5.60085e+10
4.57788e+09
2.1808e+09
8.65337e+09
9.86457e+09
5.31542e+09
3.74645e+09
9.42851e+09
4.54614e+10
6.10264e+10
5.02604e+09
3.70314e+10
7.13176e+10
6.13924e+09
2.60918e+10
4.3616e+09
5.18091e+08
4.55123e+09
2.46157e+09
2.02303e+10
6.99065e+09
4.96294e+09
3.82527e+09
3.24133e+10
1.3982e+09
6.69611e+08
2.98228e+10
5.38224e+10
6.69794e+09
7.04938e+09
2.07022e+09
6.36863e+08
1.80168e+09
1.93988e+10
2.2521e+08
8.36005e+10
9.2596e+09
7.14517e+09
9.00905e+09
1.24552e+10
4.50419e+08
2.8686e+09
-1
2.54003e+10
3.41444e+10
5.23575e+10
3.15669e+09
5.07802e+10
3.28901e+10
1.11919e+10
1.07634e+10
1.30972e+10
4.31184e+09
1.11135e+11
3.20445e+10
4.8645e+10
1.15205e+10
3.33022e+09
2.8889e+10
4.69787e+09
1.30972e+10
1.48651e+10
2.60558e+10
8.62574e+09
5.70965e+09
8.44901e+09
6.36863e+08
2.3357e+10
2.03057e+09
2.06984e+10
3.46489e+10
6.69525e+09
1.81653e+10
3.56788e+10
5.85954e+10
2.613e+09
2.2521e+08
7.41195e+10
3.67146e+07
1.47647e+10
1.41137e+10
4.13396e+10
7.86099e+09
8.80049e+09
-1
4.44162e+09
5.67631e+09
1.43281e+10
7.18268e+09
5.18091e+08
6.78356e+10
-1
4.96294e+09
1.88194e+10
